4.83847091752 1
1.62888576807 1
12.478441435 1
9.08304980469 1
1.87135830902 1
2.75369957687 1
5.15013712173 1
1.09854778456 1
3.32575400916 1
3.34808823116 1
0.469467755345 1
3.06389353984 1
0.33611071367 1
12.3421759511 1
1.82001939413 1
7.08530665435 1
2.61212064376 1
0.283700065709 1
1.70661800767 1
2.58441527236 1
24.3782965871 2
21.6052687025 2
24.2897191974 2
18.5593236787 2
24.4193487525 2
19.9416679505 2
24.843023418 2
18.0997602893 2
16.4588932903 2
19.418436741 2
23.4223639322 2
21.0698537074 2
20.1367445298 2
15.4368018268 2
17.7542713469 2
22.7130269764 2
18.2536855453 2
21.0464237946 2
15.0604670587 2
21.7956112594 2
13.2388522052 3
8.55340248311 3
18.3160817334 3
14.9438238462 3
8.78205852143 3
3.11894678115 3
9.03021215642 3
12.5789864307 3
12.8058157997 3
11.6416778195 3
16.6941094589 3
14.6535011638 3
15.7435196896 3
5.99171000406 3
14.0350299987 3
12.1928126707 3
7.18828614548 3
4.64179680505 3
11.5873186896 3
12.9330460537 3
